0 0 8dc7d017bec922d69967c5d4573afeef 1
0 0 5acfd7fc2a6d2869b31cb5da5bec0bbb 1
0 0 1ac04e188c217caac7a9a453f99e95c8 1
0 0 43dada30cf1c735b8336961c55506174 1
0 0 5519c243a2f458f21bb81954149ee4a9 1
0 0 60da2cd5332037b2241599c1c63cf4dc 1
0 0 e13a1125c06ac86377760a74b2e55eee 1
0 0 d1d5ff446aaa57d15b290f489ba84fc0 1
0 0 1ff57db1af61e09f5e6081846d8e2a50 1
0 0 58a72325074c4339aa2128833f8c63ca 1
0 0 e1b65222911148eeef2d54235110a56c 1
0 0 427eb1c64e362a75ff70ee621efdc744 1
0 0 64a5c1545b163885b8d75a02fbedd5b0 1
0 0 d8b0721d3e15fb56e1f9ccd3441fa3a2 1
0 0 4a656e1ca8329b07b71ef3aea3a7d0fb 1
0 0 bed12fa52f1576761c18ad283bb4561e 1
0 0 90bcd57d65577864eb41f977d7b68aa7 1
0 0 b287cc807ad23586488dde5d20744c1f 1
0 0 a32dcfabe376b1b70b1d28fb214f0bce 1
0 0 b8a0c16ffa8bd45e3c0716a2a69af1c3 1
0 0 be15e5e7324f723aa50b6fc409c8e0d4 1
0 0 ac8adc8aab7659aafb41e78ab6ee5051 1
0 0 927aa841a4ecd82a98aa937045320cfe 1
0 0 7ad32b7a4b084b0ae9a5b727a79421f5 1
0 0 a086c23e8d1b729e03007a0a61b6a1eb 1
0 0 6fcb3c5ccb3b634a4f4faada3dbc1e26 1
0 0 e9f6fa13010cff6c709cd2dda9235e04 1
0 0 ef7aaba94612f471e3e7fcb8ef171e09 1
0 0 5ced3fdf5ad7aba92ebd56de97b992ff 1
0 0 b547a24686853333c459b52e6428d2b1 1
0 0 a6c7c01795332c221c5df5636f0163f4 1
0 0 9dcf0b2a2c786582d93a1494c6e88ab6 1
0 0 82b013424b953020ba7aca41bb81f5b0 1
0 0 84e4761791ad161d9f07cba17a3925b0 1
0 0 972569725ce8442edd2bc3fec373098b 1
0 0 6bdf79484576c59375279e8fb8c1e073 1
0 0 5b824f8239bd6084591c83ebeba45b09 1
0 0 a5a7f079929e2367c0b9c5bd34d9fab0 1
0 0 be3382bfe788f9b22d4d774d925ed31d 1
0 0 970e60e7d978151d42ab9b4b6383ea7f 1
0 0 e6f528cfb5c489dc0f6472c16f449b92 1
0 0 f13b9c982b444712ed72479f238da8b0 1
0 0 030a41db649580740737887f5e5778c7 1
0 0 532b169d03ba22eb9202b4709c97b6ab 1
0 0 49fb34bb19bd40b4701e7342b1e40373 1
0 0 e00e82d868dd0ac181addf80ec5bf348 1
0 0 47397ee943a9cf29fe74fad803605ffd 1
0 0 1d374fcbbf90110a0a60c568c63fc70b 1
0 0 85e2b0f37271ef187b2ada44a186d419 1
0 0 f11cb117587384e4160ac821bbfda816 1
0 0 6cc7733265bd5a56a8c4f9980fa4882a 1
0 0 32a4323e7a2f7a3edb0f1e9ff1d23816 1
0 0 8eb2d7adf11bb1a29ba8369d23465015 1
0 0 9e1902b82f083cd852af0d4c37682a09 1
0 0 6c41178c65e10fd3c915387e12ea90e2 1
0 0 f9c06673530ecf2d3053deef38a39f8e 1
0 0 8a91fd3bf068380f25844aade9a5aae5 1
0 0 4fb0e51cc97e83014ec8d49f5dd5aec7 1
0 0 de7b3f6958e07f822a5662b1513d0720 1
0 0 106c9b5d3b3df99e2a40a4a3d194de65 1
0 0 844ea5e7cb5803a73dca990bebd079b1 1
0 0 53f9673f2327052d675d67d7fb16f297 1
0 0 ddd95bfe544b8a932ab49414fad62fd1 1
0 0 129351916e84ca811ab58fbab38e234b 1
0 0 4555f1e8d1c0a5c2c73e5c5cbaf5cc00 1
0 0 4423f80a8b31382cec271656d25de895 1
0 0 ff18cc34334b44e052e2468483d15db8 1
0 0 ecb87f9c673c93e8d6c8966799fd617d 1
0 0 0d2ae0a497b8ae03b0c5f3101366928f 1
0 0 1812d9dec2341f64da678f859afa1c03 1
0 0 213479a6ba095fc903aa7ec187a4f9fc 1
0 0 4bedba43e3e26993eeaec01a067b342c 1
0 0 071dbabe655315514045a290456dd468 1
0 0 a1b58b9a95134a1c5efe69b8a104bd87 1
0 0 e8515869f84d531da1819565f9159239 1
0 0 71212d94184926992833390f55b3f0b5 1
0 0 f37226fa243adf76bbc320105b2d312e 1
0 0 9bd49fa10ebd516fbb4322b880f6d199 1
0 0 0cbf22534263f549f6c32b776a3cf8a9 1
0 0 3d150fa8cd17f8641eb005ed3747c370 1
0 0 ca3f7d1233c09f8e604b4322b6ce2e03 1
0 0 7be328e4a0ae03d2a956d5c1cb70c3a4 1
0 0 4802245e658533e55e7b78e1c9648f28 1
0 0 52251d94d80f68171a19d616fd38b3b9 1
0 0 bb1fa1660fb5ed96e68c724d81aac33d 1
0 0 75befe3617120df555deab16dbfeef4f 1
0 0 8c6c77851560254677bd4fbe0358fa7d 1
0 0 850f35587d96bc5568eebc4e2d4f0265 1
0 0 1493de34b9ea2039888da2df07731b4e 1
0 0 5d3e378bfacb26ce89cbef2656a29fdc 1
0 0 3b8e403da0524d5aa3e50514ffecc7ee 1
0 0 72b2c7cb1e9df5bc2a3c645515dee27b 1
0 0 a69e1efe210f90bd8554155a95637aa0 1
0 0 e637a94ce04e897ed206129d8ee7942e 1
0 0 ea6930bc56d14df8e525fd177cef1e84 1
0 0 16c0d456338cbace15d6e6dc471997e0 1
0 0 055893674f5bfd02ec20a1f1f475651d 1
0 0 e87ef14844cb3a6890867a39c7eaea62 1
0 0 ee503a85600e010a535ff756d8bf4b48 1
