0 0 5519c243a2f458f21bb81954149ee4a9 1
0 0 725df11eeb99903bda2296a5905bea2f 1
0 0 a097d37e5f6abae3b4b68644b0b7cffb 1
0 0 529c2dd629691a5d0c5065134d1fc9ec 1
0 0 a939d7e8dbe27b99bf872b7603571be4 1
0 0 692fe9b1da89050e8ceb68fdd63236f7 1
0 0 e1b65222911148eeef2d54235110a56c 1
0 0 427eb1c64e362a75ff70ee621efdc744 1
0 0 f22811e8a739a0a2ae03ff28690cbb14 1
0 0 f1864a92aa35a873570184aee2c65182 1
0 0 e13db9cf102fb79fcc72256500ed077d 1
0 0 6cfa03a32d7786dd2d38fb6efbbe5ab1 1
0 0 64a5c1545b163885b8d75a02fbedd5b0 1
0 0 d46dc0c5c504332adf3e61bf805b3b26 1
0 0 bed12fa52f1576761c18ad283bb4561e 1
0 0 21d52adebf44fa41bc2c7824b4dec3a9 1
0 0 7ad32b7a4b084b0ae9a5b727a79421f5 1
0 0 a282024deaed832b04b23c01d87c6e54 1
0 0 e9f6fa13010cff6c709cd2dda9235e04 1
0 0 ad95c1b68c0df2e3e733dd7b217bcbef 1
0 0 5ced3fdf5ad7aba92ebd56de97b992ff 1
0 0 d3249951b5db4b0550d20dd91ffd8374 1
0 0 b547a24686853333c459b52e6428d2b1 1
0 0 a6c7c01795332c221c5df5636f0163f4 1
0 0 391550e1a3f97ce1af396bf65b682e4b 1
0 0 84e4761791ad161d9f07cba17a3925b0 1
0 0 27c8048fa163c6085484f8363ee33013 1
0 0 461fe833f0eb7155e9a68d4dd5b7b250 1
0 0 e6d1d78f582526cd9ed5c5b2e547a552 1
0 0 4ed9002174daba80bc2aabfb804c9ccf 1
0 0 5b824f8239bd6084591c83ebeba45b09 1
0 0 c7d4647ea80465f77c1e7e6ddba147ea 1
0 0 be3382bfe788f9b22d4d774d925ed31d 1
0 0 58e572c93cfc31f21007af21b8bb2195 1
0 0 680b8a035ba682e5bafc6bfc28acb5c9 1
0 0 aea3bcbf8360a540b5db3f507536dd1b 1
0 0 030a41db649580740737887f5e5778c7 1
0 0 e00e82d868dd0ac181addf80ec5bf348 1
0 0 1d374fcbbf90110a0a60c568c63fc70b 1
0 0 85e2b0f37271ef187b2ada44a186d419 1
0 0 975c4bfef915870dd0ff29f7ea1525f7 1
0 0 e4320984a51ee26c054f3777bdf98e26 1
0 0 32a4323e7a2f7a3edb0f1e9ff1d23816 1
0 0 8eb2d7adf11bb1a29ba8369d23465015 1
0 0 6c41178c65e10fd3c915387e12ea90e2 1
0 0 8a91fd3bf068380f25844aade9a5aae5 1
0 0 cc3028cca053dec918bded4a7ab4fad5 1
0 0 73437baabf3925d6ad1eaa5e15cc77ce 1
0 0 5c8e7e412372a66f15564a92eb09abb2 1
0 0 4fb0e51cc97e83014ec8d49f5dd5aec7 1
0 0 f35a5a6d645d011b9adc69bb60366054 1
0 0 5f2fbf4c405144418c5bbfc953ddf434 1
0 0 551b1ce148795479f5ddae45971e726c 1
0 0 129351916e84ca811ab58fbab38e234b 1
0 0 f4211ab1760fb02d32b38f8cb3b1903a 1
0 0 ff18cc34334b44e052e2468483d15db8 1
0 0 5327e0e18a55f369857deb9d5cdd028a 1
0 0 ecb87f9c673c93e8d6c8966799fd617d 1
0 0 0e015e051f8742bee8866f28849e7552 1
0 0 0d2ae0a497b8ae03b0c5f3101366928f 1
0 0 8787c3c506956e87e5ad0ec673dd8857 1
0 0 1812d9dec2341f64da678f859afa1c03 1
0 0 213479a6ba095fc903aa7ec187a4f9fc 1
0 0 a1b58b9a95134a1c5efe69b8a104bd87 1
0 0 e7a200156e1641ce452b9087463ed3c6 1
0 0 94bfcc504c84db55606b7fafa3156e38 1
0 0 470512c2321cd36200c0cc9427dcff0b 1
0 0 e8532ad8e7593e4a954743509bd5ec07 1
0 0 f0cabe4d82f8456b77b1d0c767fc268c 1
0 0 8acdec8e2128ab61a2d0ce8d66c31fbd 1
0 0 71212d94184926992833390f55b3f0b5 1
0 0 6ed985466b45219b1b745940f22775be 1
0 0 9bd49fa10ebd516fbb4322b880f6d199 1
0 0 c309760f30b398da72787fdb3908395c 1
0 0 57adc66995c73a035cd396992dd6bcb3 1
0 0 40d5abc3f494cc5c058ec700cbc9e251 1
0 0 ca3f7d1233c09f8e604b4322b6ce2e03 1
0 0 626121c1df5befbd8055a0ad5cc0bfe8 1
0 0 bb1fa1660fb5ed96e68c724d81aac33d 1
0 0 75befe3617120df555deab16dbfeef4f 1
0 0 d542453330b36c0ce0bec3550ea5ee04 1
0 0 8c6c77851560254677bd4fbe0358fa7d 1
0 0 413e8fdae14473ff053ebe516cbd6f14 1
0 0 f13132281b7ee03bf3d7493cba79d1a0 1
0 0 5e3e4c3b67ac04f36dd5e6844f422015 1
0 0 a6a2f52099d1415aee954015a427803b 1
0 0 89989d546e707a3b65ceb2c63d97eb63 1
0 0 72b2c7cb1e9df5bc2a3c645515dee27b 1
0 0 bab3d17cd931b2399f5543ec9b96edb3 1
0 0 a93e0a12a4cecbb928453227432007fb 1
0 0 a69e1efe210f90bd8554155a95637aa0 1
0 0 2eaa03eb5eb7fd9649b059d9439bc715 1
0 0 1cde5de61eb63033fc3d160ea4b51f65 1
0 0 b31db069eb31c598945caf0db36e668d 1
0 0 055893674f5bfd02ec20a1f1f475651d 1
0 0 fee6983b8e173f7d711ce55374d78056 1
