0 0 1ac04e188c217caac7a9a453f99e95c8 1
0 0 43dada30cf1c735b8336961c55506174 1
0 0 5519c243a2f458f21bb81954149ee4a9 1
0 0 60da2cd5332037b2241599c1c63cf4dc 1
0 0 725df11eeb99903bda2296a5905bea2f 1
0 0 529c2dd629691a5d0c5065134d1fc9ec 1
0 0 a939d7e8dbe27b99bf872b7603571be4 1
0 0 e1b65222911148eeef2d54235110a56c 1
0 0 4a656e1ca8329b07b71ef3aea3a7d0fb 1
0 0 b287cc807ad23586488dde5d20744c1f 1
0 0 b8a0c16ffa8bd45e3c0716a2a69af1c3 1
0 0 be15e5e7324f723aa50b6fc409c8e0d4 1
0 0 21d52adebf44fa41bc2c7824b4dec3a9 1
0 0 f5fdad546154a4db68d9e81d27075358 1
0 0 a6c7c01795332c221c5df5636f0163f4 1
0 0 82b013424b953020ba7aca41bb81f5b0 1
0 0 391550e1a3f97ce1af396bf65b682e4b 1
0 0 9cb2098442a08e273aaa7c0443e25d7a 1
0 0 e6d1d78f582526cd9ed5c5b2e547a552 1
0 0 5b824f8239bd6084591c83ebeba45b09 1
0 0 c7d4647ea80465f77c1e7e6ddba147ea 1
0 0 49fb34bb19bd40b4701e7342b1e40373 1
0 0 e00e82d868dd0ac181addf80ec5bf348 1
0 0 1d374fcbbf90110a0a60c568c63fc70b 1
0 0 85e2b0f37271ef187b2ada44a186d419 1
0 0 f11cb117587384e4160ac821bbfda816 1
0 0 32a4323e7a2f7a3edb0f1e9ff1d23816 1
0 0 f9c06673530ecf2d3053deef38a39f8e 1
0 0 5c8e7e412372a66f15564a92eb09abb2 1
0 0 f35a5a6d645d011b9adc69bb60366054 1
0 0 ecb87f9c673c93e8d6c8966799fd617d 1
0 0 213479a6ba095fc903aa7ec187a4f9fc 1
0 0 a1b58b9a95134a1c5efe69b8a104bd87 1
0 0 94bfcc504c84db55606b7fafa3156e38 1
0 0 470512c2321cd36200c0cc9427dcff0b 1
0 0 71212d94184926992833390f55b3f0b5 1
0 0 f37226fa243adf76bbc320105b2d312e 1
0 0 9bd49fa10ebd516fbb4322b880f6d199 1
0 0 0cbf22534263f549f6c32b776a3cf8a9 1
0 0 57adc66995c73a035cd396992dd6bcb3 1
0 0 ca3f7d1233c09f8e604b4322b6ce2e03 1
0 0 626121c1df5befbd8055a0ad5cc0bfe8 1
0 0 4802245e658533e55e7b78e1c9648f28 1
0 0 bb1fa1660fb5ed96e68c724d81aac33d 1
0 0 75befe3617120df555deab16dbfeef4f 1
0 0 413e8fdae14473ff053ebe516cbd6f14 1
0 0 5d3e378bfacb26ce89cbef2656a29fdc 1
0 0 2eaa03eb5eb7fd9649b059d9439bc715 1
0 0 e637a94ce04e897ed206129d8ee7942e 1
0 0 ea6930bc56d14df8e525fd177cef1e84 1
0 0 4234faf53584c3f8696e99220506891f 1
0 0 1cde5de61eb63033fc3d160ea4b51f65 1
0 0 b31db069eb31c598945caf0db36e668d 1
0 0 b6b60886d04b979573dfe9275a03b890 1
0 0 fee6983b8e173f7d711ce55374d78056 1
