0 0 50b0641e411e677ea42549e373bcbb3a 1
0 0 bbc27c0ecd01bd200dc47e2aca5b2f32 1
0 0 fdc4740e535f169484af7d6318c7e001 1
0 0 6cb44aa61fe83dfce30b8f00e2da8bd7 1
0 0 fbbcc8b64324842678e18a44ebbf517c 1
0 0 e71652674328dcf8059162581836bb5f 1
0 0 12f81606f10386e7f3a73926d2e51460 1
0 0 7411af4c67ed79883778566ea85db47b 1
0 0 ccef56de827d61eb0220c81e3aa243de 1
0 0 a8a0f4fe5042b1369f789f7dbbfba693 1
0 0 c98420fe09aa308bfc96e42c0e401917 1
0 0 3f8df1546eb293635f233abe4f2de3b1 1
0 0 83ed3f8c8f880e5361aa15b12de6fbdb 1
0 0 abd127caef3d7c613b6267e81886f576 1
0 0 f29802cef109d98dbf64052743b6fc6c 1
0 0 a481443dc3220b837627683652308d93 1
0 0 063152661b7865d9a95f265883d486c4 1
0 0 0f7a5c60f548109eda46f4b44e4dbb70 1
0 0 6f733956fb1f6340c5654541b75b7edb 1
0 0 61073f341c7d85ade60f51ee9087948c 1
0 0 bec2d939bdfafdc1552b806bf7cb9104 1
0 0 548dc64c84a282c73ea8ef4bceb509a7 1
