0 0 7e554663e0e104c33e47fa2ceea6655d 1
0 0 35d44c67b987ddd8b8066eb74c6c68f5 1
0 0 75117a7c1ed5a921566d68d93700ba15 1
0 0 ef886e4bcb8ba0e800c5241ba0cfe0f8 1
0 0 92acc8eac50eba720d103003fec7a594 1
0 0 4819aa5406ade6e0cb25eed63f261492 1
0 0 ecdb8c77b913e9491272e3c2f2957eb1 1
0 0 337671c0a2d30f689fb8982c24a7f844 1
0 0 f5ab2db5b7cf72798be3143f01795eeb 1
0 0 f5091da73b54df14ab0f9ca41992d57d 1
0 0 b284dec2234e9f1db9576120c3041db9 1
0 0 f0d93967acbebe5e7f9b7d3e912993ea 1
0 0 ab21c3262c58d430e8d40e9781098b86 1
0 0 330b9458f0cab07b2ca17dc469a325df 1
0 0 e1e80cd6af3f4cbb94bbf00e6d66b560 1
0 0 c250014d1c8d94e88be5826ec2445f44 1
0 0 327dd5aacaf124f46a67b0e55cc01fad 1
0 0 87deb52eb9b236076001ba56d998e10b 1
0 0 8cdb578d460f2ba7077af5c3341c5fe1 1
0 0 c528ca9c8edfa6f56fdbc01fad683b8a 1
0 0 28802c6760ee5fcedb553b37beb5932b 1
0 0 f8b9c089b49c706fa1d346ecd1dd057f 1
0 0 9d47d52d96c6341931890375250ae205 1
0 0 b2693385d647c2a0d5e08eb3038dbd19 1
0 0 03d884aeff09e37b5741e8ac02aa4393 1
0 0 153b55ac5215932a8890ed605fdd84c6 1
0 0 cc16f4e22686dd7eb36e9aec5f1fd268 1
0 0 a541a25bed7cbe49ab244e80c2ccdfbf 1
0 0 97fc9db7d2c0a3800135730d5cf478a7 1
0 0 49ef49a60299793df9d3ab318d6c75ec 1
0 0 af1fffc2c023b11ec15cab73add925d8 1
0 0 637196e6558b8045fc1f1477b991aaa4 1
0 0 5ca5824bbd1497a7fdc79f83d3020cc7 1
0 0 e732052396c2adea67991bdbf09a16f3 1
0 0 951439ac052ff5f6304c0ee909c0ceea 1
0 0 59f84c3d29a1720c9e65898e7670ce3b 1
0 0 0439aa6b62e696f7f85e87bcd1dbf8bb 1
0 0 865ce7ccfca23d50ab1b87a06d3c39ba 1
0 0 79c5a845b8f7c66d14fc8dd272a39a9e 1
0 0 d8af0f626a0f8e6ca4171356de0a755d 1
0 0 8c6c77851560254677bd4fbe0358fa7d 1
0 0 6e009753565a72e5af04ad8968ae2a3f 1
0 0 9090bbbb5861845c2d9cf5f3551301ea 1
0 0 fa00cdf873891accbee3115ba1823972 1
0 0 3f8df1546eb293635f233abe4f2de3b1 1
0 0 086a84da6969a3a6a36037e5462a8772 1
0 0 ca82fee158cb45d5d0f9da1e7b6d3591 1
0 0 bc3ccf9a41daaed1e4ba6bbf959a916e 1
0 0 88a10b2770355434916a125f9f80acdc 1
0 0 23820aa3ccdabbf9e3000212885aced6 1
0 0 cf217a50e9185f665206fd9d7b7fc284 1
0 0 17e6f990aecd030a21717929451f8ca5 1
0 0 205dfd7a5db50efd561e2ab572971e6d 1
0 0 3e2639c9007d8d6b915eda01092a960d 1
0 0 4c5b15c5bcc3794e3dd88cab7a7443f1 1
0 0 9ab8460102874e042ab33608d1395831 1
0 0 d1935f6be7bea11a26c913a20f0dd5c4 1
0 0 015e20ff532858bd4a6a1b9e48a49a18 1
0 0 ac53f464c6acc7018b75647267f5ea30 1
0 0 3f963f5644e9a95d5b7abf535a633fe3 1
0 0 1e7de6c60fadf696fb83e72dbd35a9c6 1
0 0 a9d042244b52285180bf32757e1a76cf 1
0 0 f7c91573fc54e7f5f585d633b14cfc53 1
0 0 ffb0a3b8fef0347e0f5bef2ec34b4960 1
0 0 b12303a4f03bc085ee66208dd38371a1 1
0 0 2d485c5c1ec8872929c426c21515e59a 1
0 0 8da5a16953534b93e8cbff34a2ba2187 1
0 0 ec31bc11435f43b405d0aa65c03ad57c 1
0 0 f0716d88183f91bc5d5a444b676286c1 1
0 0 26c35324a52cd7c197e6cd20742cf234 1
0 0 77a684e2adef8a368bddab4eea168b66 1
0 0 fe6da1572d397437150f53ba8a6883d8 1
0 0 f7d04f5bf97352ec320e58197424ce94 1
0 0 398e92444853a54f8a468b62684bd77f 1
0 0 1c2113b0b35df7f02ef249c1461b8df4 1
0 0 5eeb562257d0f3dff0053782febb2fa7 1
0 0 f8ddac94ad6e128a4e01385279d2f95e 1
0 0 9d68d3f339157558fe3b9ac9160b11d7 1
0 0 8eaa47ae2cd3f53039033b290c70fde0 1
0 0 34e5f4c0c70c7b76b69cbf807fc4ddf8 1
0 0 537a01e743f73ed0b26b8b8c72bb12fe 1
0 0 4e8c9e1ea5b1dd81b6c447a92ffb45b8 1
0 0 b704628de8fd1da235798c69173c7e10 1
0 0 2aa41ea7042752801485c693411c0c53 1
0 0 83dd7dc9384913b745d55a86f6e5cebf 1
0 0 f24709ebb12f670002d7fc323aa693cb 1
0 0 9d65c44cdb94675cd3e71420de8be408 1
0 0 7ad32b7a4b084b0ae9a5b727a79421f5 1
0 0 9f597027e540dd646ba3c7070893c168 1
0 0 4dbc10d4a55845e38f20fa5ce1dc3e2e 1
0 0 76d251966fd008d940b745fdc5c52e26 1
0 0 530c2795d7043e351b33a0f9db4a951d 1
0 0 8f9f306795084d89d734be87657e4a2a 1
0 0 2ebf8a78bc7ea0aee7ba1f0c15d4086b 1
0 0 51bf3496d9c28a5d29f014088f60bf4b 1
0 0 3c3cfb54238fffb4b1130e9fa1f2e5ab 1
0 0 80925deee0c96ab8fd77da569f9b7de3 1
0 0 0c686c56e7af3a215e0a6f9e0c902ec5 1
