0 0 1 0 086a84da6969a3a6a36037e5462a8772 2 1
0 0 1 0 babc5368520dca4fd161850c8fc9647a 1 1
0 0 1 0 23820aa3ccdabbf9e3000212885aced6 1 1
0 0 1 0 cf217a50e9185f665206fd9d7b7fc284 2 1
0 0 1 0 048051435be26d4b916c840c85a424a9 2 1
0 0 1 0 8d8807bdc0f43be08c92337e553a3a99 1 1
0 0 1 0 1d0b97f258691ff84ac2f28ee40700c1 0 1
0 0 1 0 848925366f65ff08f92d62a81cfc5788 0 1
0 0 1 0 7ad32b7a4b084b0ae9a5b727a79421f5 2 1
0 0 1 0 5cc9386e11c0bb59ee0d995b54887ba6 0 1
0 0 1 0 353bb75c952c53bf1869b31adeb3b34b 1 1
0 0 1 0 c76024db87ae62c46252b26a9ffd85d5 1 1
0 0 1 0 88a10b2770355434916a125f9f80acdc 1 1
