0 0 5519c243a2f458f21bb81954149ee4a9 1
0 0 6cb5ef0784bbb2359d2b9cc4ea443268 1
0 0 d1d5ff446aaa57d15b290f489ba84fc0 1
0 0 427eb1c64e362a75ff70ee621efdc744 1
0 0 f22811e8a739a0a2ae03ff28690cbb14 1
0 0 e13db9cf102fb79fcc72256500ed077d 1
0 0 6cfa03a32d7786dd2d38fb6efbbe5ab1 1
0 0 d46dc0c5c504332adf3e61bf805b3b26 1
0 0 ee09476a939b0ffe32577f3f1ca46809 1
0 0 c06cd2ca6428b2a2bd90ddc065125d9f 1
0 0 927aa841a4ecd82a98aa937045320cfe 1
0 0 3db3017d5616bf90767bff6c756ac864 1
0 0 eaac2797629982826fe30e0a7f03fe39 1
0 0 7ad32b7a4b084b0ae9a5b727a79421f5 1
0 0 2bcd0b4d5f1cc7f3ea89d9f2fb007bbb 1
0 0 ad95c1b68c0df2e3e733dd7b217bcbef 1
0 0 5ced3fdf5ad7aba92ebd56de97b992ff 1
0 0 c5caea3e0a3e4edcf9adeac96f57767c 1
0 0 92290fc0f2e3cb7845e5fee80ed50ef8 1
0 0 972569725ce8442edd2bc3fec373098b 1
0 0 e6d1d78f582526cd9ed5c5b2e547a552 1
0 0 d7343b91193f44432bb972dfa233378c 1
0 0 4ed9002174daba80bc2aabfb804c9ccf 1
0 0 a5a7f079929e2367c0b9c5bd34d9fab0 1
0 0 970e60e7d978151d42ab9b4b6383ea7f 1
0 0 5074ac51f6d87fc15aa79f6d7e193df9 1
0 0 e6f528cfb5c489dc0f6472c16f449b92 1
0 0 f13b9c982b444712ed72479f238da8b0 1
0 0 532b169d03ba22eb9202b4709c97b6ab 1
0 0 49fb34bb19bd40b4701e7342b1e40373 1
0 0 e6ce8c8b302d3fe1721ecbba14037bde 1
0 0 7c456b1b844b9deef6afe0f998cd4ed1 1
0 0 f11cb117587384e4160ac821bbfda816 1
0 0 cc3028cca053dec918bded4a7ab4fad5 1
0 0 73437baabf3925d6ad1eaa5e15cc77ce 1
0 0 2cbb50bda901c3c3f0d8eba06f45d3ca 1
0 0 5c8e7e412372a66f15564a92eb09abb2 1
0 0 de7b3f6958e07f822a5662b1513d0720 1
0 0 5f2fbf4c405144418c5bbfc953ddf434 1
0 0 106c9b5d3b3df99e2a40a4a3d194de65 1
0 0 341d561d44ba1823515a4fd3daf4497c 1
0 0 844ea5e7cb5803a73dca990bebd079b1 1
0 0 a4e3fc2a144c675b06f96d3ed7887c95 1
0 0 ddd95bfe544b8a932ab49414fad62fd1 1
0 0 a16dae5cd8113058b5093370406a46cb 1
0 0 a4bd140541815984c0f178ca57fdbdac 1
0 0 e802885b1d0eaa0af475782ffe773703 1
0 0 0e015e051f8742bee8866f28849e7552 1
0 0 b32943f912d504167ed193bd4b38ead7 1
0 0 8787c3c506956e87e5ad0ec673dd8857 1
0 0 58fbdc6545c2b7100ddc9235ddb57b69 1
0 0 94bfcc504c84db55606b7fafa3156e38 1
0 0 e8515869f84d531da1819565f9159239 1
0 0 e8532ad8e7593e4a954743509bd5ec07 1
0 0 8acdec8e2128ab61a2d0ce8d66c31fbd 1
0 0 71212d94184926992833390f55b3f0b5 1
0 0 6ed985466b45219b1b745940f22775be 1
0 0 a2742c2ebb9060948639f62fdc82b054 1
0 0 6f051144d6a5f0d406bd643ee4dbe181 1
0 0 81d9161b462bfde420f29d1c75b37ec3 1
0 0 7be328e4a0ae03d2a956d5c1cb70c3a4 1
0 0 626121c1df5befbd8055a0ad5cc0bfe8 1
0 0 6f87bf6ad1d448a035c804381da2789c 1
0 0 807cb6af689da6e5268b820ff26ac8c0 1
0 0 850f35587d96bc5568eebc4e2d4f0265 1
0 0 1493de34b9ea2039888da2df07731b4e 1
0 0 f13132281b7ee03bf3d7493cba79d1a0 1
0 0 d524196142096c610d59f66dc403f5cc 1
0 0 38cd4a55897409922e2d23a0760c6788 1
0 0 3b8e403da0524d5aa3e50514ffecc7ee 1
0 0 44a3d40f9d7708c3b4bdccc8aee97dc4 1
0 0 72b2c7cb1e9df5bc2a3c645515dee27b 1
0 0 a93e0a12a4cecbb928453227432007fb 1
0 0 e637a94ce04e897ed206129d8ee7942e 1
